21,*,[[0, 0], [0, 1]]
28,*,[[0, 2], [1, 2]]
3,+,[[0, 3], [0, 4]]
11,+,[[0, 5], [1, 5]]
17,+,[[0, 6], [0, 7]]
6,*,[[0, 8], [1, 8]]
36,*,[[1, 0], [1, 1]]
3,-,[[1, 3], [1, 4]]
1,-,[[1, 6], [1, 7]]
2,/,[[2, 0], [2, 1]]
18,+,[[2, 2], [2, 3], [2, 4]]
126,*,[[2, 5], [2, 6], [2, 7]]
5,,[[2, 8]]
8,-,[[3, 0], [3, 1]]
25,+,[[3, 2], [4, 1], [4, 2], [5, 2]]
4,-,[[3, 3], [4, 3]]
24,+,[[3, 4], [3, 5], [4, 4], [4, 5]]
9,+,[[3, 6], [4, 6], [4, 7]]
4,-,[[3, 7], [3, 8]]
1,-,[[4, 0], [5, 0]]
144,*,[[4, 8], [5, 8], [6, 8]]
3,/,[[5, 1], [6, 1]]
14,+,[[5, 3], [5, 4], [6, 4]]
15,+,[[5, 5], [6, 5], [6, 6]]
10,*,[[5, 6], [5, 7]]
19,+,[[6, 0], [7, 0], [8, 0], [8, 1]]
192,*,[[6, 2], [7, 1], [7, 2]]
9,+,[[6, 3], [7, 3]]
6,,[[6, 7]]
8,-,[[7, 4], [8, 4]]
5,-,[[7, 5], [7, 6]]
13,+,[[7, 7], [7, 8]]
14,*,[[8, 2], [8, 3]]
2,/,[[8, 5], [8, 6]]
2,-,[[8, 7], [8, 8]]